8 8 8 8 8 8 8 8 8 8 8 8 8 8 8 8 8 8 8 8 8 8 8
3 3 3 1 1 1 1 1 1 1 1 1 1 1 1 1 1 1 1 1 1 1 3 3
3 3 3 3 3 1 1 1 1 1 1 1 1 1 1 1 1 1 1 1 1 1 1 1 1
5 5 5 7 7 7 7 7 7 7 7 7 7 7 7
10 5 5 9 9 9 14 8 8 8 8 8 12 12 12 12 12 12 12 12 12 12 12
13 0 13 13 12 12 12 12 15 15 15 15
9 9 9 9 9 9 9 9 9 9 9 9 9 9 9 9 9 9 9 9 9 3 3 13 3
13 13 6 6 6 6 6 6 6 6 6 6 6 6 6 6 6
14 14 14 0 0 0 0 0 12 12 12 12 12 12 12 12 12 12 14 14 14
6 4 2 2 2 2 2 2 2
5 5 5 5 3 5 3 3 3 3 13 13 3 3 13 1 1 13
14 14 14 0 12 12 12 12 12 12 12 12 12 12
3 3 3 3 3 4 4 7 7 7 1 1 1 1 1 1 1 1 1 1 1 1 1 1
13 4 4 4 4 4 4 4 4 4 4 4 4 4 4 4 4 15 15 15
5 3 13 13 4 6 6 4 6 6 4 4 4 4 4 13 13 8
5 5 6 8 8 8 8 8 8 12 12 12 12 12 12 12 12 12 12 12 12
10 10 10 10 3 13 13 7 7 7 7 7 7 7 7 7 7 7 7 7 7 7 7
14 14 14 14 10 10 14 12 12 14 14 14 14 14 14 14 14 14
6 6 1 1 1 7 7 7 2
5 14 14 14 10 14 10 10 10 10 10 5 5 5 5 8 8 8 8 8 8 8 8 8 6 6 6 6 6 6 6 6 6 6 6 12
10 10 10 3 3 13 13 13 13 13 4 4 4 4 4 4 4 4 4 4 4 4
14 14 8 8 8 8 8 8 8 8 8 8 12 12 0 0 0 0 0 0 14 14 14 14 15
3 3 3 1 3 3 1 3 3 1
14 11 6 4 4 4 4 4 4 4 4 4 4 4 4 4 4 4
13 13 10 13 13 13 13 13 12 12 12 4 4 4 8 15 13 13
1 1 1 1 1 1 1 1 1 1 1 1 1 1 1
5 5 3 3 3 3 3 3 13 1 1 1 1 1 3 3 3
8 8 6 6 6 6 6 12 12 12 12 12 12 12 12 12
10 10 10 10 10 10 10 10 10 10 15 15 15 15 15 15 14 14 15 14 14 14 13 3
13 13 7 7 7 7 7 7 7 13 13 13 13 13 13 13 13 13
5 5 3 8 0 12 12 12 12 12 8 8
3 3 3 3 3 1 13 7 1 1 1 1 1 1 1 1 1 1 1 1 1 1 1 1 1 1 1 1 1 1 1 1 1 1 1 14
14 14 10 14 0 8 8 8 8 8 8 8 8 8 8 8 8 8 8 8 8 8
3 3 3 3 1 6 6 6 6 6 6 6 4 4 4 4 4 4 4 4
3 13 4 4 4 4 4 4 4 6 6 15
5 5 5 3 3 3 3 3 3 3 3 3 3 9 9 9 9 9 9 3
4 4 4 4 4 2 2 2 2 4 4 4 4 2 2 4 15
14 0 0 0 0 0 0 0 0 0 0 0 0 0 0 12 0 12 12 0 0 0 0 0 0 14 14 14 10 10
10 5 13 4 4 4 4 4 4 4 4 4 4 4 4 4 4 4 15 10 10
6 6 6 6 6 6 6
10 13 8 8 8 8 8 0 13 8 0 13 12 12 15 15
14 14 5 5 5 13 13 13 0 12 12 12 12 11 11 11 11 11 11 11 11 15 15 15 15 15 15 15 12 12 14 14
10 10 10 10 10 13 13 13 13 13 13 13 13 13 4 13 13 15 15 15 15
10 10 10 10 5 5 5 13 12 12 12 4 4 4 4 15 15 15 15 15 15 15 15 15
3 5 3 9 9 9 9 9 9 9 9 9 9 9 1 1 1 1 13 13 3 3
0 8 8 12 12 12 12 12 12 12 12 15 15 15
3 3 3 3 3 3 3 3 3 3 9 9 9 9 9 9 9 9 9 9 9 9 9 9 3
10 10 3 3 13 13 6 6 7 7 2 7 7 7 7 2 2 2 4
10 10 13 13 13 4 4 4 4 4 4 4 2 4 13 13 13 13 10 10 10 10
6 6 6 6 6 6 6 6 6 7 7 7 6 7 6 6 6 6 6 6 6 6
13 13 13 13 13 13 13 4 4 4 4 13
10 10 10 10 10 10 10 10 10 10 10 10 10 10 10 10 10 14 12 12 12 12 12 12 12 0 8 14 14 14 14
5 5 3 3 3 3 7 1 1 1 1 1 1 1
3 3 3 1 1 1 9 9 3 9 9 9 9 1 1 1 1 1 1 1 1 1 9
3 3 3 1 1 9 9 9 9 1 1 1 1 1 1 1 1 1 1 13
14 8 8 8 8 6 6 6 12 12 12 12 6 6 8 8 14
14 14 14 14 14 14 14 14 14 0 0 0 12 12 12 12 12 12 12 12 12 14
5 5 5 3 3 3 13 3 3 7 1 1 3 1 1 1 1 3
14 14 14 14 14 14 0 0 0 0 0 0 0 0 0 0 0 0 0 0 0 0 0
6 13 6 3 6 6 6 6 6 6 6 6 6 6
5 5 3 3 7 7 13 6 8 6 8 6 15 8 15 15 15
9 9 9 9 3 9 9 9 9 9 9 8 6 8 6 3 3 9 3
8 8 0 0 8 8 8 12 12 12 12 15 15 15 15 15 15 15 15
14 14 14 8 0 0 0 0 0 0 0 0 0 0 0 0 0 0 0 0 0 0
14 14 8 8 8 8 8 12 12 12 12 12 12 12 12 12 12
8 8 8 8 8 12 12 12 12 12 12 12 12 12 12 12 15 15
3 3 3 3 3 3 1 1 1 1 1 1 1 9
3 8 8 8 8 5 6 6 6 6 5 6 6 6 6 6 8 8 13
10 10 10 10 10 5 5 5 5 8 8 14 5 5 8 8 8 8 8 8 12 12 12 12 8 12 12 12 12 12
10 13 13 13 13 4 4 4 4 4 4 4 4 4 4 4
8 0 0 0 0 0 0 0 0 0 0 0 0 0 0 0 0 0 0 0 0 12 12 12 0 12 14
3 3 1 1 1 1 1 1 1 1 1 1 1 1 1 1 1 13 13 10
10 10 13 13 13 4 4 4 4 4 4 4 4 2 2 4 4 4 2 2 4 4 2 4
9 9 9 7 9 5 5 7 7 7 6 7 9 7 7 7 5 5 5 5 5
8 8 8 8 6 6 6 6 6 6 6 11 11 11 11 11 11 12 12 12
7 2 2 2 2 2 2 2 2 2 2 2 2 2 2 2 2 2 4
5 5 5 5 5 3 3 5 5 3 3 3 3 9 9 9 9 9 9 9 9 9 9 9 9 9 9 9 5
5 5 5 5 13 6 6 6 6 6 6 6 6 6 6 6 6 6 6 6
10 10 10 10 3 7 7 7 7 7 7 7 7 7 7 7 7 7 7
3 3 3 3 3 3 7 1 7 7 1 1 1 1 1 1 1 1
10 10 5 13 5 13 13 13 13 13 4 4 4 4 4 4 4 4 4 4 4 4
14 10 10 10 10 13 13 4 4 4 4 4 4 4 4 4 4 4 4 4 4 4 4
5 5 13 13 13 7 7 7 7 7 7 7 7 7 7 13
14 14 14 14 14 14 8 8 8 8 12 12 12 12 12 12 12 12 12 12 12 12 12 14 14
6 6 7 6 6 7 7 7 7 7 7 7 7 7 7 7 7 7 2 6 6 6
8 8 8 8 8 14 8 8 8 8 8 8 6 12 12 12 12 12 12 12 12 12 12 12
3 3 3 3 3 3 9 9 9 9 9 9 9 9 9 9 9 9 9 9
10 10 10 10 13 7 7 7 7 7 7 7 7 7 7 7 7 7 7
3 3 3 3 3 9 9 9 9 9 9 9 9 1
9 9 3 3 3 6 3 3 3 8 8 8 8 0 8 8 8
14 8 8 8 8 8 8 8 8 8 8 8 8 8 8 8 8 8 14 14 14
10 5 5 7 7 7 7 7 7 7 7 7 13 13 13
13 13 13 13 13 13 4 4 4 4 4 4 13 13 13 13
5 10 10 10 10 10 10 13 13 13 14 10 5 5 13 4 4 4 4 4 4 4 4 4 4 4 4
14 13 13 0 0 0 0 0 12 12 12 12 12 12 12 12 12 12 12 12 0
3 3 3 3 3 3 3 3 3 3 9 9 9 9 9 9 9 9 9 9 9 9 9 9 9
5 5 5 5 5 9 9 7 7 7 7 7 7 7 7 7 7 7 7 7 7 7 7 7 5
6 6 6 6 6 6 6 6 6 9 9 3 8 8 6 6 6 6 6 6 6 6 6 6 6 6 6 6
3 9 9 9 9 9 9 9 9 9 9 9 9 9 9 9 9 9 9 9 9 9 3 3 3 3 3 3 3
8 6 6 6 6 6 6 8 8 12 12 12 6 6
14 13 4 4 4 4 4 4 4 4 4 4 4 4 6
14 0 15 14 0 0 0 0 0 0 0 0 0 0 0 0 0 0 0 0 0 0 0 0 0
14 14 14 8 8 8 8 8 12 12 12 8 8 14 14 14 14
14 14 14 14 14 8 14 14 14 14 14 14 14 14 14 14 8 8 8 8 8 8 8 8 8 8 8 8 8 8 8 8 8
5 5 5 13 13 4 15 15 15 15 4 15
3 13 6 6 6 6 6 6 6 6 6 6 6 6 6 13 13 13 10
0 8 8 8 8 8 8 0 0 0 0 0 0 0 0 0 0 0 0 0 0 0 0 0 0 0 0 0 0 14 14
3 9 9 9 9 9 9 9 9 9 9 9 9 9 9 9 9 9 9
8 8 8 8 8 8 8 8 8 8 8 8 8 8 8
8 8 8 8 8 8 8 8 8 8 8 8 8 8 8 8 8 8 8 8
12 12 12 12 12 12 12 12 12 12 12 12 12 14
14 10 10 10 10 13 13 13 13 13 6 13 13 4 4 12 13 13 13 4
10 10 10 10 10 10 10 5 5 5 5 5 5 5 5 5
13 3 3 3 3 3 1 1 1 1 1 1 1 1 1 1 1 1 1
5 5 5 5 10 10 10 5 5 5 5 5 5 13 13 13 13 4 2 2 2 2 2 2 2 2 2 2 2 2 2 2
3 3 9 9 9 9 9 9 9 9 9 9 9 9 9 9 9
5 3 3 3 3 3 5 5 3 3 3 9 9 9 9 9 9 9 9 9 9 9 9 1 3
10 13 7 13 13 4 4 4 4 4 4 4 4 4 15 15 15 12 4 4 4 4 4 15 13 13
0 8 0 0 0 0 0 0 0 0 0 0 0 0 0 0 0 0 12 12 12 0 0 14 14 14 14
3 3 3 3 3 3 1 1 1 1 1 9 1 3 3
14 14 0 0 0 12 12 12 12 12 12 12 12 0 12 12 12 12
6 11 11 11 12 8 6 6 6 8 12 12 12 12 12 12 12 12 12 8
5 9 9 9 9 9 9 9 9 9 9 9 3 3 3 3
9 9 9 6 6 6 6 6 6 6 6 6 6 6 11 11 11 11 6 11 11 11 11 11
14 10 10 13 8 8 8 8 8 14 14 14 8 8 8 12 12 12 12 12 12 12 12 12 15 15
14 0 0 0 0 0 0 0 0 0 0 0 0 0
5 8 8 8 8 6 6 1 1 1 1 1 1 1 1 1 3 3 3
6 6 6 6 6 6 6 6 11 11 11 11 11 11
13 13 4 4 4 4 4 4 4 4 4 4 4 4 4 4 15
0 0 0 0 0 0 0 0 0 0 0 0 0 0 0 14 14 14
3 3 3 3 9 9 9 9 9 9 9 9 9 9 9
10 10 10 10 10 5 5 13 13 12 12 4 4 4 4 4 12 15 15 15 15 4 15
3 8 8 6 8 6 8 8 8 8 8 8 8
3 3 3 3 3 3 3 3 3 3 3 3 9 9 9 9 9 9 9 9 9 9 9 9 9 9 9 3 3 3 3 3 3 3 3
10 10 10 10 13 13 13 13 4 4 4 4 4 4 4 4 4 4 4 4 13
5 5 13 13 4 4 4 4 2 4 2 2 2 2 2 2 2 4 4 4
14 14 10 10 5 5 9 8 14 14 8 8 8 12 12 12 12 12 12 12 12 12 12 12 12
11 11 11 11 11 11 11 11 12 12 8 8 8 8 8 8 12 15 14 14 14 14
10 14 14 14 14 14 14 8 8 8 12 12 12 12 12 12 12 12 12 12 12 12
10 1 6 6 6 6 6 6 6 6 6 6 6 6 6
3 3 3 3 3 3 3 3 3
5 5 5 5 3 5 3 3 3 3 3 3 3 3 3 3 3 3
5 10 10 10 5 5 7 9 7 7 1 7 1 1 1
5 5 3 7 7 7 7 7 7 7 7 3 3 5 13
5 5 5 5 5 5 5 5 5 6 1 1 1 1 1 7 7 7 7 7 7 7 7 7 7 6
14 14 8 8 8 8 8 8 8 8 8 8 0 0 0 8 8 8 0 0 14 0 14
10 10 10 10 10 10 10 10 10 10 10 5 5 5 5 13 13 13 13 13 13 13 13 13 13 13 13 13 13 14 14 14 14
5 13 13 13 13 4 7 7 7 7 7 7 7 7 7 2 7 7 2 2 2 2
14 14 14 8 8 12 12 12 12 12 12 12 12
8 8 12 12 12 12 12 12 12 12 12 12
14 14 14 14 14 0 0 12 14 12 12 12 12 12 12 12 15 15 15 14 14 14 14 14 14 14 14 14
13 13 5 15 14 15 8 8 8 8 8 8 8 8 8 8 8 8 12 12 12 12 14 14
3 3 3 3 3 3 3 3 1 1 1 9 1 1 1 1 1 1 1 1
6 6 3 6 6 6 6 6 6 6 7 7 7 7 7 7 7 7 7 7 3 3 6 13 3
5 13 12 12 11 11 11 11 11 11 6 6 6 6 8 12 8 12 12 14 14 14 14
8 8 8 8 8 8 8 8 8 8 8
3 3 3 3 1 1 1 1 1 1 1 1 1 1 1 1 1 1 1 1 1
5 13 13 7 7 7 7 7 7 7 7 7 7 7 4 4 4 13 5
14 14 14 8 8 12 12 12 12 12 12 12 12 12
14 14 14 14 14 14 12 8 8 8 8 8 8 8 8 8 8 8 8 8 8 8 8 8 8 8 8 14 14 14 14 14
8 8 8 8 8 8 8 8 8 8
14 10 14 8 0 0 0 0 0 0 0 12 15 15 15 15
8 8 8 8 8 8 8 8 8 8 8 8 8 8 8 8 8 8 8 8 8 0 8 8 14 14
10 10 10 10 5 5 5 3 6 6 6 6 6 6 6 6 6 4 13 6
14 14 13 13 13 0 13 13 13 0 0 0 0 0 13 0
14 12 8 8 8 8 8 8 8 8 8 8 8 8 0 8 14
5 5 7 7 7 7 7 7 7 7 7 3
10 10 10 10 10 10 10 10 0 0 0 12 12 12 12 12 0 14
14 14 14 14 14 14 12 12 12 12 12 12 12 12 12 12 12 15 15 15 15 15
3 3 3 1 1 3 3 3 1 1 1 3
8 8 8 8 8 8 8 8 8 8 8 8 8
1 1 1 1 1 1 1 1 1 1 1 1 1 1 1 1 1 1 1 1 13
13 13 13 13 3 6 6 6 6 6 6 6 6 6 6 6 6 6 6 6 3
13 13 7 7 7 7 7 7 7 7 7 7 7 7 7 7 7 7 7
10 10 10 10 10 5 5 9 1 6 6 6 12 12 12 4 4 4 4 4 15 15 15 4 4
3 3 3 9 9 9 9 9 9 9 9 9
5 5 6 6 6 7 7 6 7 4 4 4 4 4 4
10 10 13 3 3 3 1 1 1 1 1 1 1 1 1 1
14 10 10 10 5 3 3 3 9 9 9 9 9 9 9 9 9 9 3 3 3
13 6 1 1 1 1 7 7 7 7 7 7 7 7 7 7 7 7 7 7 7 7 3 3 3
10 10 10 10 10 10 10 3 9 9 9 9 9 9 9 9 9 9 9 9 6 6 13 13
9 9 9 9 7 7 7 9 9 9 9 7 1 1 1
3 5 13 13 3 3 3 1 1 1 7 1 7 7 7 7 13 13 13 13
7 7 7 7 7 7 7 7 7 7 3 13
10 3 3 1 1 1 1 1 1 1 1 1 1 1 1 3 3
14 8 8 11 11 11 8 11 11 11 6 6 6 11 11 11 11 11 14 14
15 15 15 13 9 9 9 2 9 9 1 1 2 7 2 2 2 2 4
10 10 10 10 10 10 5 5 5 13 8 8 6 8 10 10 3 3 6 6 6 2 2 2 2 2 2 2 2 4 4 15
0 0 8 8 0 0 0 0 0 0 0 0 0 0
14 8 8 8 8 6 6 6 6 6 6 6 6 6 8 12 12 12 0 0 15 14 15
10 10 10 10 10 10 10 3 3 3 3 9 9 9 9 9 9 9 9 9 9 9 9
10 10 10 5 9 9 9 9 9 9 9 9 9 9 9 9 9 9
0 8 0 0 0 0 0 0 0 0 0 0 0 0 0 0 0 0 0 0 0 0 0 0 0
14 14 14 14 14 14 8 0 0 8 0 0 0 0 0 0 0 0 0 0 0 14
10 10 10 10 10 10 10 10 10 10 10 5 5 5 6 5 5 5 5 5 5 5 5 5 14
10 10 10 10 10 10 10 10 10 10 10 10 5 5 3 3 3 3 3 3 3 3 3 3
6 7 7 2 2 2 2 2 2 2 2 2 2 2 2 2 4 4 4 6
10 10 14 14 14 14 8 8 8 8 8 8 8 8 8 8 8 8 0 0 0 0 15
3 6 6 6 6 6 6 6 6 6 6 6 6 6 6
3 3 3 6 6 6 13 7 7 4 8 8 8 8 12 13 13 15
6 6 4 6 4 4 4 4 4 4 4 4 4 4
13 13 13 13 4 4 4 4 2 4 4 4 4 4 4 13 5 15 14
8 8 8 8 8 8 8 8 8 8 8 8 12 12 12 12 15
6 6 14 0 0 12 0 8 8 8 12 8 8 8 8 8 8 8 8 14 14 14 14 14
14 8 8 8 8 8 8 8 8 8 8 8 8 8 8 8 0 0 0 0 0 0
10 10 10 13 9 8 13 13 13 13 13 13 2 2 2 2 2 4 4 4 4 4 15 15 15 14 14 10 10
10 10 10 14 10 10 5 3 5 0 0 14 5 5 8 8 12 12 12 12 12 12 12 12 12 12 15 15 14
10 5 5 5 3 9 9 9 9 9 9 9 1 9 9 9 9 9 9 3 5 5 5 5 5 5
