12 12 12 12 12 12
8 8 8 8 12 12 12 12 12 12 12 12 8 8 8 8 8
3 3 3 13 13 13 7 2 2 2 2 2 2 2 2 2 2 2 2 4 11 4
2 2 2 2 2 2 2 2
14 14 14 0 0 12 12 12 12 12
14 14 8 8 8 8 8 8 8 8 8 8 8 8 14 14 14
10 10 10 10 10 10 10 10 10 10 10 10 10 10 10 10 10 10 7 7 7 3 3 3
8 6 11 11 11 11 11 11 11 11 11 11 11 15
6 2 6 6 6 11 11 11 11 11 11 11 11 11 11 11 11 6
10 10 13 13 13 4 15 15 15 15 14 14 14 14 10
10 10 10 10 10 10 10 10 10 10 3 3 3 10 10 10 10 13 13 13 10 10 10 3 3 3 3 3 3 5 10 10 10
14 10 10 10 13 10 9 9 13 15 15 15 14 15 15 14 14 14
6 4 4 4 4 4
5 5 5 9 9 9 9 9
6 11 11 11 11 11 11 11 11 11
10 10 10 10 10 10 10 14 15 15 6 6 6 6 6 6 6 6 6 6 6 6 6 6 6 6
13 7 7 7 7 7 7 7 7 7 7
2 2 2 2 2 2 2 2 2 2
14 13 13 15 15 15 15 15
10 5 5 12 12 15 15 15 11 15
10 10 10 10 10 10 10 10 10 10 10 10 10 10 5 5 5 10 10 10 10 10 10 10 10 10 5 5 5 5 7 7 7 7 1 1 1 1
3 3 3 3 3 3 3 3 3 3 1 3 3 3
3 9 9 9 9 3 3 3 3
10 10 10 14 15 15 15 15 15 15
4 3 3 3 7 7 7 7 7 7 7 7 7 7 7 7 7 7 7 7 3
10 10 10 10 5 5 5 5 5 5 5 5 10 10 10 10 13 7 7 7 7 7 7 7
5 5 5 5 5 5 5 5 5 5 5 5 5 5 5 3 3 3 3 3 3 5 5 3 3 3 3 3 3 3
10 13 13 13 13 15 15 15 15
13 13 13 13 13 13 13 13
5 5 13 13 4 4 4 4 4 4 4 4 13 13 13
14 14 14 10 5 10 5 5 5 8 5 14 14 10 10 14 14 14 12 12 12 12 12 12
8 12 12 12 12 12
14 14 0 0 0 0 0 0 0 0 0 0 0 0
5 5 5 9 11 8 8 8 8 8 8 8 14
13 13 13 4 4 4 4 4 4 12 13
11 11 11 6 6 6 11 11 11 11 11 11 11 11 11 11 15 15
8 8 13 12 12 6 6 6 12 11 11 11 11 11 11 11 11 11 11 11 11 11 11 11 11
3 1 1 1 1 1 1 1 3
14 14 14 0 12 12 12 0 8 8
14 14 14 14 15 15 15 14 14 14 14
10 10 10 10 10 10 10 10 10 10 10 10 10 10 10 10 10 5 5 5 5 5 10 10 5 5 5 10 5 9 1 1 9
13 5 5 5 13 13 13 13 13 13
14 14 14 14 14 14 0 12 8 8 8 8 8 8 8 8 8 8 8 8 8 14 14 14 14
5 6 15 15 15 12 11 15 12 12 12 12 12 12 12 12 12 12 12 12 12 15 15 14
14 14 14 14 14 14 10 15 15 15 15 14
10 13 4 4 4 4 15 15 15 15 15 4 4 4 4 4 4 4 4 4 4 4 4 15 14
13 4 4 4 4 4
5 7 7 7 7 7 7 7 7 3 3
5 3 3 3 6 13
14 14 14 0 14 14 12 12 12 14 14 14 14 14
14 14 14 14 14 14 14 15 14 14 14
5 3 15 3 3 13 13 13 13 14 14 13 13 10
10 10 10 10 10 10 10 10 10 10 10 10 10 10 14 14 14 14 14 8 8 8 14 14
10 10 10 10 15 14 10 10 10 10 10 10 10 10 10 10 10 5 5 5 5 5 5 3 5 5 5 3 10 10 3 1 1 1 1 1 1
0 0 0 0 0 0 0 0 0
6 6 6 7 7 7 7 7 7 7 7 7 7 7
8 8 8 8 8 8 8 8 8 8 8 8 8 8 8 8 8
10 13 13 13 13 4 4 4 15 13 13 15 15 4 4 2 2 2
14 14 14 14 0 0 0 12 0 0 8 8 8 8 8 8 8 8 8 8 8 14 14 14 14 14
5 5 3 3 1 1 1 1 1 1 1
14 10 10 10 10 10 10 10 14 8 12 8 8 8 8 8 8 8 8 8 8 0 13 1 0 0 15 15 15 15 15
7 7 7 7 7 7 4 4 4 13 13
2 2 2 2 4 4 4 4 6 6 4 4 13 6 3 3 3 3 3 3
6 6 7 7 7 7 7 7
13 5 5 3 3 5 9 9 2 2 2 2 2 2 2 2 2 4 6 6 6 5 5 8 5
10 10 10 13 13 13 15 13 13 13 10 13 13 13 10 14 0 0 0 0 0 0 0 0 0 0 0 0 0 0 0 0 0 0
1 1 6 6 6 11 11 11 11 11 11 11 11 11 14 14 14
14 15 15 15 15 15 12 12 8 8 8 12 14 14 14
4 2 4 4 4 4 4 4 6 1 1 3 3 3
5 13 13 13 13 10 10
13 6 2 2 2 2 2 4 6 4 13
14 14 14 14 12 11 11 11 11 11 11 15 15 15
14 14 14 14 14 14 14 14 14
10 10 10 14 10 10 10 10 10 14 5 3 3 3 3 3 3 3 3 1 1 6 6 6 6 6 2 4 4 4 11 4 4 4 4 6 6 6 6 6
10 10 10 10 10 13 0 0 0 0 0 0 0 0 0 0 0 0 0 0 0 0 0
14 10 10 14 14 8 8 8 8 8 8 8 8 0 0
8 8 8 8 8 12 0 0 0 0 0
9 9 9 9 9 9 9 9 9 9 3 3
13 6 4 6 6 11 11 11 11 11 11 11 6 6 6 6
14 14 15 14 14 14 15 15
3 3 3 9 9 9 9 9 9 9 9 9 9 9
13 13 7 7 7 7 7 7 2 2 2 7 2 7 7 7 7 13
7 7 7 7 7 7 7 7 7 7 3
6 6 6 6 6 6 6 6 6 6 6 6 8
5 3 3 3 9 3 3 13 1
14 14 14 14 14 14 14 14 14 14 14
8 12 12 15 15 15 15 15
14 14 10 10 14 14 14 14 14 14 14 8 8 8 8 8 8 14
