7 19 19 19 19 19 19 19 19 19 19 19 19 19 19 19 19 19 19 19 19 19 21
2 2 2 12 12 12 12 12 12 12 12 12 12 12 12 12 12 12 12 12 12 2 2 2
2 2 2 2 2 2 2 12 12 12 12 12 12 12 12 12 12 12 12 12 12 12 12 12 12
26 26 26 14 14 14 14 29 14 14 14 29 29 29 29
11 26 16 16 16 16 28 28 28 28 28 9 9 3 9 3 3 3 3 3 3 3 27
25 25 25 25 25 9 25 25 8 8 8 18
30 30 30 30 30 30 30 30 30 30 30 30 30 30 30 30 30 30 30 30 30 30 2 26 2
25 25 24 24 24 24 24 24 24 24 24 24 20 20 20 20 20
0 0 0 27 21 9 27 27 27 27 27 27 27 27 3 3 3 3 18 18 18
13 13 13 13 10 10 10 10 13
7 7 7 7 17 11 11 17 23 23 23 23 23 23 23 14 14 6
5 5 0 27 9 9 9 3 3 3 3 3 3 3
2 2 2 2 2 29 13 29 14 14 12 12 12 12 12 12 12 12 12 12 12 12 12 6
25 13 13 13 13 13 13 13 13 13 13 8 13 13 13 31 8 31 31 25
26 23 23 25 13 13 17 13 13 13 13 13 13 13 13 25 25 28
5 7 20 20 20 19 19 19 9 9 9 9 4 4 4 4 4 4 4 4 4
11 11 11 11 11 2 14 14 14 14 14 14 14 14 14 14 14 14 14 14 14 14 29
5 5 5 5 5 15 0 27 27 0 0 0 0 0 0 0 0 0
23 23 23 23 23 14 14 13 24
7 5 5 5 5 5 5 15 15 5 5 7 7 7 7 19 19 28 28 28 19 19 9 9 9 9 9 9 9 9 9 9 9 9 9 9
5 11 11 25 23 23 23 23 25 25 13 13 13 13 13 13 13 13 13 13 8 8
0 0 19 19 19 19 19 19 19 19 19 19 9 9 27 27 27 27 27 27 27 18 18 18 18
2 2 2 2 2 2 2 2 2 2
5 5 24 24 24 24 13 13 13 8 13 13 13 13 8 8 8 8
5 5 11 25 25 25 13 25 31 3 25 13 13 13 25 25 25 25
2 12 12 12 12 12 12 12 12 12 12 12 12 2 12
7 7 17 17 23 23 23 23 23 23 23 23 23 23 2 28 2
9 9 9 9 9 9 9 9 9 9 13 3 9 3 3 3
11 5 11 11 5 5 11 11 11 11 31 31 31 31 31 31 25 18 18 5 5 5 25 2
26 14 14 29 29 29 29 29 29 29 29 29 29 29 29 29 11 11
26 26 2 19 9 9 9 13 13 3 19 19
2 2 2 2 2 2 6 6 6 12 12 12 12 12 12 12 12 12 12 12 12 12 12 12 12 12 12 12 6 6 6 6 6 6 6 6
0 0 0 0 19 19 19 19 19 19 19 19 19 19 19 19 19 19 19 19 19 19
2 2 23 23 23 23 23 23 23 23 13 13 13 13 13 13 13 13 13 31
5 25 23 13 13 13 13 24 24 23 9 5
7 7 7 17 17 2 2 23 17 17 17 23 23 16 16 16 16 16 16 2
13 13 13 13 13 10 10 13 13 13 13 31 31 10 10 31 31
0 27 27 27 27 27 27 27 27 21 27 27 27 27 27 27 27 27 27 27 27 27 27 27 27 27 5 0 11 11
11 26 25 13 13 13 13 13 13 13 13 24 13 8 8 8 8 8 31 11 11
20 20 20 20 20 20 20
11 25 19 19 19 19 25 25 25 19 25 25 25 27 25 25
18 18 7 7 7 25 25 25 25 9 9 22 3 22 22 22 22 22 22 22 22 22 22 22 22 22 3 3 3 3 28 0
5 5 11 11 11 25 25 25 25 13 13 25 25 25 13 25 25 25 25 25 31
11 11 11 11 26 26 26 25 25 25 25 8 31 31 31 31 31 31 31 31 31 31 8 31
5 7 2 16 16 16 16 16 16 16 16 16 16 16 12 2 2 2 2 2 2 2
9 19 9 3 3 3 3 3 3 3 3 3 3 18
2 2 2 2 2 2 2 2 2 2 30 30 30 30 30 30 30 16 30 16 16 16 16 16 2
5 5 5 25 25 13 13 13 1 13 13 13 13 1 1 10 10 10 13
15 26 26 25 25 13 13 13 29 13 13 13 29 29 29 31 31 31 11 15 15 11
24 24 24 24 24 24 24 24 24 24 24 24 24 24 24 24 24 24 24 24 23 23
25 25 25 25 25 25 25 25 8 8 8 25
11 15 15 15 15 15 15 11 15 11 11 11 11 15 15 15 11 27 9 9 9 9 9 9 9 9 28 28 28 18 0
7 7 17 17 17 17 14 12 12 12 12 12 12 12
2 2 2 12 12 12 16 16 2 16 16 16 12 12 12 12 12 12 12 12 12 12 2
2 2 2 12 12 12 16 12 14 12 6 12 12 14 12 6 6 6 6 6
28 28 19 9 9 9 9 9 9 9 9 9 9 9 9 28 28
0 0 0 0 0 0 0 0 27 27 27 27 27 3 3 3 3 3 27 27 3 27
7 7 7 23 23 23 23 23 23 23 23 23 23 23 23 23 12 23
18 18 0 0 0 0 27 21 21 21 21 21 21 21 21 21 21 21 21 21 21 21 27
25 25 9 17 17 13 13 13 13 13 13 13 25 23
7 7 23 23 23 13 13 23 25 13 25 13 17 17 17 31 31
16 16 16 16 17 17 16 16 16 16 16 17 20 17 20 17 16 16 2
19 9 9 19 19 19 27 27 27 27 28 28 18 3 3 18 18 18 18
0 0 0 27 27 27 27 27 21 21 21 21 21 21 21 21 21 21 21 27 0 21
28 28 28 19 19 19 9 9 9 9 9 9 3 3 3 3 3
23 19 19 9 9 9 9 9 9 3 9 9 9 3 3 3 3 18
2 2 2 2 2 2 12 12 12 12 12 12 12 16
2 19 19 19 23 23 20 20 20 20 7 20 20 23 23 20 2 2 25
5 5 5 5 5 7 7 7 7 19 28 5 7 7 19 28 9 9 9 9 9 9 9 9 9 9 9 9 9 9
5 5 26 14 6 13 13 13 13 13 13 13 13 13 13 8
0 21 21 21 21 21 21 21 21 21 21 21 21 21 9 9 9 9 9 9 9 9 9 9 9 28 28
2 2 12 12 12 12 12 12 12 6 6 6 6 6 6 6 6 2 6 11
5 11 5 25 25 13 13 13 13 13 13 13 13 13 13 13 13 13 13 13 13 13 10 13
1 1 1 1 1 1 1 1 1 1 1 1 1 1 1 17 17 26 26 26 26
7 19 19 9 9 9 9 4 4 4 4 4 4 4 4 4 4 13 3 3
1 1 10 10 10 10 10 10 10 10 10 10 10 10 10 10 10 10 8
5 7 17 17 17 17 17 17 17 17 17 17 17 17 17 16 16 16 16 16 16 16 16 16 16 16 16 2 2
26 26 26 26 25 20 20 20 20 20 20 20 20 20 20 20 20 20 20 20
15 15 11 11 26 14 14 14 14 14 14 14 14 14 14 14 14 14 29
17 17 23 23 23 23 14 23 14 14 23 23 23 23 23 23 2 6
11 15 26 26 26 26 26 29 13 13 13 13 13 13 13 13 13 13 13 13 13 13
5 5 5 5 5 25 25 8 8 8 8 8 8 8 8 8 8 8 8 8 8 8 8
26 26 26 25 29 29 14 29 29 29 29 29 29 29 29 29
0 0 0 0 0 0 0 28 28 27 27 27 27 3 3 3 3 3 3 3 3 3 3 18 0
20 1 1 1 1 1 1 1 1 14 17 14 14 14 17 14 10 1 1 1 24 24
28 28 28 28 28 28 28 28 28 28 9 9 9 9 9 9 9 9 3 3 3 3 3 3
17 17 17 17 17 17 17 16 16 16 16 16 16 16 16 16 16 16 16 16
15 11 11 11 26 14 14 14 14 14 14 14 14 14 14 14 29 29 29
17 17 17 17 17 16 16 16 16 16 16 16 16 6
16 16 2 2 23 23 23 23 23 23 23 23 21 21 21 25 25
0 19 19 19 19 19 19 19 19 19 19 19 19 19 19 19 2 2 0 0 0
15 26 26 14 14 14 14 29 29 29 29 29 29 29 26
25 25 25 25 25 13 13 13 13 13 13 13 13 25 25 25
7 7 15 15 7 15 5 25 25 25 5 5 15 26 25 13 13 13 13 13 13 13 13 13 13 24 24
0 25 25 25 25 21 9 9 9 9 9 9 9 9 9 9 9 9 9 9 27
2 2 2 2 2 2 2 23 23 23 30 30 30 30 30 30 16 16 16 16 16 16 16 16 2
7 7 7 26 26 30 14 14 14 14 14 14 14 14 14 14 14 14 14 14 14 14 14 26 26
20 20 20 20 20 20 20 13 13 17 17 17 17 17 20 20 20 20 20 20 20 20 20 20 20 20 20 20
2 16 16 16 16 16 16 16 16 16 16 16 16 16 16 16 16 16 16 16 16 16 2 2 2 2 2 2 2
19 20 20 20 20 9 9 9 9 9 9 9 9 20
5 25 13 13 13 13 13 13 13 13 13 8 8 8 23
27 27 27 0 27 27 21 21 21 21 21 21 21 21 21 21 21 21 21 21 21 21 21 21 0
28 28 0 19 19 9 9 9 9 9 9 28 28 28 28 0 0
0 0 0 0 0 28 28 28 28 0 0 0 0 0 0 0 19 19 19 19 19 19 19 19 19 19 19 19 19 19 19 19 28
26 26 26 25 25 25 31 31 3 31 8 25
2 25 25 20 20 20 1 1 1 1 1 1 1 20 25 25 25 11 11
21 19 19 19 19 19 21 21 21 21 21 21 21 21 21 21 21 21 21 21 21 21 21 21 21 21 21 21 21 0 18
17 16 16 16 16 16 16 16 16 16 16 16 16 16 16 16 16 16 16
19 19 19 19 19 19 19 19 19 19 19 19 19 19 19
19 19 19 19 19 19 19 19 19 19 19 19 19 19 19 19 19 19 19 19
3 3 3 3 3 3 3 3 3 3 3 9 28 28
5 11 11 5 5 25 25 25 25 25 25 13 25 13 13 31 25 25 25 25
5 5 11 11 11 11 11 7 7 7 7 7 7 7 7 7
25 2 2 2 12 2 12 12 12 12 12 12 12 12 12 12 6 6 6
5 15 15 5 15 15 15 26 26 26 26 26 26 5 5 25 13 13 10 10 10 10 10 10 10 10 10 10 10 10 10 10
17 17 17 30 30 30 30 30 30 30 30 30 30 30 30 30 30
26 17 17 17 17 17 7 7 17 17 17 16 16 16 16 16 16 16 12 12 12 12 12 12 2
5 26 26 23 23 13 13 13 13 13 13 8 13 8 31 31 13 13 13 13 8 8 8 8 25 11
21 19 21 21 21 21 21 21 21 21 21 21 21 27 27 21 9 9 9 9 9 27 27 27 18 18 18
2 2 2 17 23 23 23 12 12 12 12 16 12 2 2
5 5 0 27 27 27 27 3 3 27 27 27 27 27 27 27 27 27
20 22 22 22 9 9 9 9 9 9 9 9 9 9 9 9 9 9 9 19
26 2 16 16 16 16 16 16 16 16 16 16 16 2 2 2
20 20 20 20 20 20 20 20 20 20 20 20 20 20 20 20 20 20 20 20 20 22 22 20
11 11 11 2 19 19 19 28 28 0 0 0 28 27 27 27 3 3 3 3 3 3 3 3 3 3
0 27 21 21 27 27 27 27 21 21 21 27 27 27
5 5 28 28 20 9 9 23 23 23 23 23 23 23 23 23 23 23 23
20 20 20 20 20 20 20 20 20 20 20 20 20 20
25 25 25 8 8 8 8 8 8 8 8 8 8 8 8 8 31
0 0 21 21 21 21 21 21 21 21 21 21 21 21 21 0 0 0
17 17 17 17 17 16 16 16 16 16 16 16 16 16 16
11 11 11 11 11 26 26 26 25 13 13 13 13 13 13 13 13 3 31 31 31 8 8
2 19 19 9 9 9 9 9 9 9 9 19 19
2 2 2 17 2 2 2 2 2 2 2 2 16 16 16 16 16 16 16 16 16 16 16 16 16 16 16 2 2 2 2 2 2 2 17
15 15 15 11 11 26 25 29 13 13 13 13 13 13 13 13 13 13 13 13 25
7 25 25 13 13 13 13 13 13 13 13 13 13 13 13 10 13 13 13 13
5 5 11 11 26 26 26 21 28 0 28 9 9 9 3 3 3 3 3 3 3 3 3 3 27
22 22 22 22 22 22 22 22 17 3 19 17 17 17 19 19 3 28 18 28 18 18
11 5 5 5 5 28 28 28 28 9 9 9 9 9 13 3 3 9 9 9 9 9
26 1 20 20 20 20 20 20 20 20 20 20 20 20 20
2 2 17 17 2 2 2 2 2
7 7 7 7 17 7 17 17 17 17 17 17 17 17 17 2 23 2
5 7 11 15 7 26 14 14 14 14 14 14 14 6 6
26 26 26 14 14 14 14 14 14 14 14 23 2 7 5
7 7 7 7 26 26 26 26 26 1 12 12 12 12 14 1 1 1 1 1 1 1 1 1 1 24
0 0 19 19 19 19 19 19 19 19 19 21 21 21 21 19 19 21 21 21 0 0 0
5 5 15 15 5 15 15 15 15 15 26 26 26 26 7 25 25 25 25 25 25 25 25 25 25 25 25 25 25 25 18 18 5
25 25 25 23 23 13 13 14 14 14 14 14 14 14 14 13 13 13 10 10 10 10
5 5 5 19 19 9 3 3 3 3 3 3 3
28 28 9 9 9 9 3 9 9 3 3 9
0 5 0 0 0 27 27 27 27 27 3 3 3 3 3 3 3 3 0 0 0 0 0 0 0 0 0 0
31 26 26 31 28 28 28 28 19 19 19 19 19 19 19 19 19 9 27 28 27 18 18 18
25 2 2 2 23 23 23 23 23 12 12 12 12 12 12 12 12 12 12 12
23 23 23 23 20 20 17 20 1 1 1 1 1 1 1 1 1 1 1 17 17 17 17 25 17
26 25 9 9 9 9 4 4 4 4 4 9 9 20 20 9 9 9 28 28 18 18 18
19 19 19 19 19 19 19 19 19 19 19
2 2 2 2 12 12 12 12 12 12 12 12 12 12 12 12 12 12 12 12 12
26 26 29 29 29 29 29 29 29 29 29 29 29 29 29 29 29 25 26
5 5 5 9 9 9 3 9 9 3 3 3 9 9
0 0 0 0 0 28 28 28 9 28 28 28 28 28 28 28 28 28 28 28 28 28 28 28 28 28 28 28 28 28 18 0
19 19 19 19 19 19 19 19 19 19
5 5 0 0 0 27 21 27 27 27 27 27 27 18 18 18
28 28 28 19 19 19 19 19 19 19 19 19 19 19 19 19 19 19 19 19 19 21 19 0 0 0
15 15 15 15 7 7 7 2 25 24 24 24 24 24 24 24 24 6 6 5
5 11 25 25 25 25 25 25 25 25 21 21 25 25 25 25
27 27 27 27 19 19 19 19 19 19 19 19 19 19 27 19 0
26 26 14 14 14 14 14 14 14 14 14 2
15 15 15 15 15 15 15 11 27 27 27 9 9 9 9 9 27 28
18 0 0 5 5 28 3 3 3 3 3 3 3 3 3 3 3 3 3 3 3 18
23 23 23 23 23 23 23 23 23 23 23 23
0 19 19 19 19 19 19 19 19 19 19 19 19
12 12 12 12 12 12 12 12 12 12 12 12 12 12 12 12 12 6 6 6 6
5 5 5 5 30 20 20 20 20 20 20 20 20 20 20 20 20 23 23 20 2
11 6 29 29 14 14 14 14 14 14 14 14 14 14 14 14 14 14 14
5 5 5 5 11 26 26 16 12 23 9 9 9 9 3 8 8 8 8 8 8 31 8 8 8
17 17 17 16 16 16 16 16 30 30 30 30
7 26 23 23 23 23 13 13 13 13 13 13 13 13 13
11 11 25 23 23 23 23 23 23 12 14 12 6 6 6 6
5 11 11 11 5 2 17 17 30 30 30 30 30 30 30 30 30 30 17 17 2
23 23 23 23 23 14 14 17 17 17 17 17 17 17 17 17 17 17 17 17 14 23 17 17 17
5 5 5 11 11 11 11 30 30 30 30 30 30 30 30 30 30 30 30 30 23 23 25 26
26 17 16 14 14 14 14 16 12 16 14 14 6 6 6
17 7 2 25 23 23 23 23 23 23 14 23 14 23 23 23 25 25 25 25
17 14 14 14 14 14 14 14 14 14 23 25
5 2 2 23 23 23 23 23 23 23 23 23 23 23 23 23 23
28 20 20 20 20 20 20 20 20 20 20 20 20 20 20 20 20 20 28 28
5 31 31 31 30 30 30 30 30 30 12 10 17 17 10 10 10 10 6
15 15 15 15 15 15 26 26 7 25 25 25 25 25 5 11 2 23 13 13 13 13 13 13 13 13 10 13 13 13 31 31
21 21 21 19 21 21 21 21 21 21 21 21 27 27
5 28 19 19 9 9 9 9 9 9 9 9 9 9 9 9 9 3 28 27 18 18 18
5 7 7 5 15 11 11 11 17 17 17 16 16 16 16 16 16 16 16 16 16 16 16
11 15 26 26 30 30 16 16 16 12 12 16 16 16 12 12 12 12
21 21 21 21 21 21 21 21 21 21 21 21 21 21 21 21 27 27 21 21 21 21 21 21 21
0 0 0 0 0 0 0 21 21 21 21 21 21 21 21 21 21 21 21 21 21 0
11 11 11 11 11 11 11 11 15 15 15 7 7 7 7 7 7 7 7 7 7 7 7 7 7
15 11 11 15 15 15 15 15 15 15 11 15 7 7 11 17 17 2 23 23 23 2 2 23
13 13 13 10 10 10 10 10 10 10 10 10 10 10 10 10 13 13 24 31
15 11 11 11 0 0 27 19 19 19 19 19 19 19 19 19 19 19 21 21 27 0 31
2 23 24 9 20 20 20 20 20 20 20 20 20 24 24
17 23 23 20 23 23 25 13 13 13 13 19 9 9 9 9 25 25
23 23 13 13 13 13 13 13 13 13 13 31 31 31
25 25 23 25 13 13 13 13 13 13 13 13 13 13 13 25 7 5 5
28 28 19 9 9 9 19 9 9 19 19 19 9 9 9 9 27
5 25 5 27 27 9 9 9 9 9 9 19 19 19 19 19 28 28 28 28 28 28 28 28
28 19 19 19 19 19 19 19 19 19 19 19 19 19 19 19 21 21 21 21 21 27
15 15 15 26 30 30 25 25 25 13 13 13 13 13 13 13 13 13 29 31 8 31 31 31 11 11 11 11 11
15 5 5 5 5 5 7 2 25 21 21 28 5 7 21 9 9 9 9 3 3 3 3 3 3 3 3 18 18
15 7 7 26 2 16 16 16 16 16 16 16 12 2 16 16 16 16 16 2 7 7 7 7 7 7
