27 27 27 3 3 3
9 9 9 9 9 9 9 9 9 9 9 9 9 9 28 28 28
17 23 25 25 25 29 29 13 24 24 10 10 10 10 10 24 24 24 24 24 31 31
10 10 10 10 10 10 10 10
28 0 5 25 9 9 4 3 3 3
5 0 25 19 9 9 9 9 9 9 9 28 28 28 28 18 18
11 11 11 11 15 15 15 11 11 26 26 11 15 26 26 26 26 26 26 14 14 2 30 2
28 9 9 4 4 4 4 4 4 4 4 4 3 18
24 24 24 24 24 24 24 24 24 24 24 24 24 24 24 24 24 24
15 15 26 29 25 8 8 31 31 18 18 5 5 5 5
11 15 15 15 15 11 11 11 11 15 2 2 2 11 11 11 11 25 25 25 15 15 11 2 7 17 17 17 17 7 11 11 11
5 11 11 11 26 26 30 30 30 25 31 18 18 18 18 18 18 0
13 13 13 13 13 13
7 26 26 16 16 16 16 16
20 4 4 4 4 4 4 4 4 4
15 15 15 15 15 15 5 18 28 28 20 20 20 20 20 20 20 20 20 20 20 20 20 20 20 20
26 13 13 14 14 10 14 14 14 14 14
13 13 10 10 10 10 10 10 10 10
5 25 25 8 8 8 8 8
5 5 7 25 3 18 22 18 22 18
15 15 15 15 15 15 15 15 15 15 15 15 15 15 26 26 26 15 15 26 15 15 15 15 15 15 26 26 26 26 14 14 14 14 14 12 12 12
17 17 17 17 23 23 23 23 23 23 23 23 23 23
12 16 16 16 16 16 17 17 17
5 5 5 5 31 31 31 31 31 31
29 29 29 29 14 14 14 14 14 14 14 14 14 14 14 14 14 14 14 14 2
11 15 26 26 26 26 26 26 26 26 26 26 26 26 26 26 26 14 14 14 14 14 14 14
7 7 7 7 7 7 7 7 7 7 7 7 7 7 17 17 17 17 17 17 2 7 7 2 2 2 23 23 23 17
11 26 26 25 25 25 18 18 18
25 25 25 25 25 25 25 25
26 7 25 13 13 13 13 13 13 13 8 25 25 25 25
0 0 5 15 7 7 7 7 7 19 5 0 0 0 11 0 28 28 27 27 3 3 3 3
28 3 3 3 3 3
0 0 0 21 21 21 21 27 27 27 27 27 27 27
17 17 17 17 20 20 20 9 9 9 19 28 28
25 25 25 13 13 13 13 13 13 9 25
22 22 22 20 20 20 22 22 22 22 22 22 22 22 22 22 22 28
9 9 25 9 13 20 9 9 4 4 4 4 4 4 4 4 4 4 4 4 4 4 4 4 4
2 2 2 12 6 12 12 12 2
5 18 0 9 9 9 9 9 19 19
5 28 5 18 18 18 18 28 28 28 28
15 11 15 15 15 15 15 15 15 15 15 15 15 15 15 15 15 15 15 7 7 15 15 15 15 26 26 26 26 26 6 2 2
26 26 26 26 26 25 25 25 25 11
28 28 28 28 28 28 9 9 28 19 28 19 19 19 19 19 19 28 28 28 28 28 28 28 5
7 31 31 28 9 22 22 8 3 3 3 3 3 3 3 3 3 3 3 3 3 3 18 18
5 5 0 0 0 5 5 31 31 31 25 0
5 25 8 8 8 8 8 8 8 8 8 8 8 8 8 8 8 8 8 8 8 8 8 31 5
25 8 8 25 25 25
26 29 14 14 14 14 14 14 14 14 17
7 2 2 2 2 25
0 0 0 27 27 27 27 27 27 27 27 18 18 18
5 5 5 0 18 18 18 18 18 18 18
7 17 25 25 25 2 2 25 25 5 5 5 11 11
15 11 11 11 15 15 26 26 26 26 26 11 11 11 0 0 0 0 2 21 2 21 0 0
11 5 15 11 25 11 11 11 11 11 11 15 11 11 11 11 15 7 7 7 7 7 26 26 26 26 26 2 26 26 2 23 23 6 6 6 6
21 21 21 21 21 21 27 27 27
1 1 1 1 1 1 1 1 1 1 1 1 1 1
19 19 19 19 19 19 19 19 19 19 19 19 19 19 19 19 19
11 25 25 13 13 31 31 31 31 31 31 31 31 31 31 31 10 10
18 0 0 0 27 27 9 9 9 9 9 9 9 19 19 19 19 19 19 28 28 28 0 0 0 0
17 7 2 23 6 23 6 6 6 12 12
0 11 11 11 11 15 5 5 28 28 28 28 28 28 28 28 28 19 19 19 28 0 6 6 21 27 3 18 18 18 18
17 17 14 14 14 29 13 13 13 13 25
10 10 10 10 13 13 8 24 24 25 25 8 25 25 23 2 2 17 17 17
30 13 14 14 14 14 14 14
25 7 7 17 17 17 17 1 10 10 10 10 10 10 10 10 24 24 13 13 17 17 19 19 7
11 15 15 11 31 31 31 31 25 11 26 26 29 11 11 27 27 27 27 21 21 21 21 21 21 21 21 21 21 21 21 21 21 21
12 20 20 20 20 20 20 20 20 20 20 20 22 28 28 18 18
18 18 25 31 28 25 3 9 28 28 28 28 28 18 18
24 24 13 13 24 24 24 24 23 23 23 23 17 17
26 26 29 25 25 11 11
30 13 10 10 10 13 13 13 13 13 25
28 28 28 5 3 22 22 8 4 22 22 3 3 22
0 0 0 0 0 0 0 0 0
11 5 5 5 5 5 5 5 5 5 7 28 17 17 20 20 17 17 17 20 12 23 23 20 20 24 24 24 24 24 24 24 24 24 24 24 24 1 20 20
11 11 11 15 15 26 25 21 21 21 21 21 21 21 21 21 21 21 21 21 21 21 21
0 11 11 0 0 19 28 27 27 27 27 19 19 27 27
19 19 19 9 9 9 9 9 9 9 9
16 16 16 16 16 16 16 16 16 2 2 2
25 6 13 24 20 20 20 22 22 4 24 24 24 24 20 20
0 0 18 18 18 18 18 18
2 2 17 30 30 30 30 30 30 30 30 30 30 2
26 29 29 29 29 29 29 29 1 10 10 10 10 29 29 29 29 29
26 14 14 14 14 14 14 14 14 14 17
20 20 20 20 20 24 24 20 24 20 20 17 17
7 2 2 2 2 2 2 2 2
5 0 0 0 0 18 18 18 18 0 18
28 3 3 3 3 3 3 3
0 5 5 11 0 0 0 0 0 0 0 0 19 28 28 27 27 0
