15 15 26 25 25 13 13 8 8 8 8 13 13 13 13 24 24 24 24 24 8 8 8 31
28 28 0 0 5 5 5 7 28 28 28 28 28 5 5 5 16 28 28 3 3 3 3 4 4 4 9 4 4 4 9 9 3 3 28 28 28 18 18 18 18 18 0 0 0 18
7 23 23 12 12 12 6 6 6 6 24 25 6 6 6 6
28 22 22 22 5 22 22 20 20 22 22 22 22 22 4 22 4 4 4 4 4 4 4 9 19 7 17 19
30 30 30 13 24 24 24 24 24 24 24 24 24 24 24 24 24 24 24 22 8
15 26 13 13 31 31 31 31
24 24 24 10 10 10 10 10 10 10 10 10
5 5 5 5 5 28 9 4 4 4 4 4 4 4 4 4 4 4 28 28 28 18 18 18
26 26 30 30 30 20 9 9 13 9 9 9 9 9 21 9 9 9
0 27 21 27 27 27 27
9 9 9 9 9 9 9 9 3 3 3 3 3 28 28
19 19 27 27 27 27 27 27 27 27 27 27 27 27 0 0
0 0 0 27 27 27 27 27 0 0 27 0
5 5 5 5 11 11 11 5 15 5 5 7 7 7 26 26 26 17 9 9 3 3 3 3 3 3 3 3 3 3
28 9 3 3 3 3 3 3 3 3 3 9 9 27
11 11 11 15 7 7 7 7 7 7 7 7 7 7 7 26 26 7 7 7 11 17 11 11 11 2 2 26 16 2 2 6 6 2 26 26
22 22 22 22 22 22 22 22 22 22 22 22 22 22
5 19 9 13 13 3 3 3 3 3 22 22 8 3 3 8 8 8 8 22
31 13 13 8 8 10 8 10 10 10 10 10 10 10
11 7 7 26 16 16 16 16 16 16 16 16 16 12 12 12 12 12 12
25 25 25 25 13 13 13 13 13 13 8 8 8 8 8 8 31
1 1 1 1 1 1 1 1 1 1 1 1 1 1 1 1 1 1 1
15 11 11 11 11 11 11 15 26 26 26 26 26 17 17 17 30 17 26 30 26 14 14 14 14 14 14 14 14 14 6 6 6 14
26 26 26 25 25 31 8 8 8 31 22 31 31 22 22 31 31 31 31 31 31
28 28 0 0 27 27 18 3 3 18 18 18 18 18 18 18 18 18 18 18
0 0 0 0 5 0 21 21 21 21 21 21 27 27 21 27 27 27 27 27 27 0 0
5 5 5 5 18 18 18 18 18 18 18 18 18 18 18 18 18 18
17 2 2 2 2 2 2 2 2 2 2 2 2
15 15 15 15 11 11 15 15 15 15 15 15 15 15 15 15 26 11 5 5 5 5 20 20 20 24 24 24 24 24 24 24 24 24 24 25
15 15 15 15 15 11 11 11 15 26 26 25 25 25 25 25 25 25 25 25 25 25
11 11 11 15 15 15 15 15 26 26 15 15 15 15 15 26 26 26 29 26 26 26 26 26 26 26 26 29 29 29 29 14 14 29 29 29 29 29 29
2 7 26 26 26 2 6 6 6 1 1 1 2 6 6 22 8 6 6 6 6 6
0 0 25 25 13 13 13 13 31 31 31 31 31 31
26 26 25 25 13 13 4 4 4 4 4 24 24 24 24 24 24 24 24 24 24
7 7 11 15 7 7 25 6 6 6 6 6 6 25 25 25 6 25 6 6 6 6 6 6
9 9 9 9 3 9 3 4 4 9 9 9 28
21 21 21 27 27 27
11 26 26 26 14 6 29 29 29 29 29 29 29 29 10 10 10 10
6 6 6 6 6 6 6 6 6 6 6 6 6 6 6 6 6 6 6 6 6 2
7 7 7 7 7 7 7 7 7 7 7 19 9 22 22 22 4 22 22 28 28
8 8 8 8 8 8 8 8 18 18 18 18 18 18 18 18 18 18
13 13 13 8 8 8 8 8 8 8 31 31 31 31 31 31 31
26 30 10 10 10 10 10 10 10 10 10 10 10
5 26 25 25 31 31 31 5 5 5 5 31 31
28 22 22 22 22 22 22 22 22 22
5 5 11 0 0 0 0 18 18 18 18 18 18 18 18 18 18
7 7 19 19 28 28 28 28 28 28 9 9 9 3 9 3 3 3 3 9 9 9 28 28 28 28 18 18 18 18 0 0 18 18 18
26 14 14 14 14 1 1 1 1 1 29 29 29 29 29 29 29 29 29 29 29 29 29 29 29 29 14 17 17 17 17 17 7 7 7 7
24 24 13 13 13 13 24 24 13 13 13 13 13
9 4 4 4 4 4 4 4 4 4 4 4 22 22 22 22 22 22 22
5 5 5 5 25 25 25 25 18 18 18 18 18 18 18 18
0 0 5 5 0 27 0 27 0 0 0 0 0
5 5 25 25 8 8 8 25 25 25 25 25 25 25 25
26 26 26 29 29 29 29 6 29 29 29 6 2
16 16 16 16 16 16 16 16 30 30 30 16 16 12 12 2 2 2
5 0 0 0 0 7 7 17 17 7 7 0 5 0 0 5 7 26 0 28 28 28 9 3 3 3 3 3 3 3 3 28 28 18 18 18
0 0 0 0 0 18 18 18 18 18 18 18 18 18 18 18 18 18 18 18
0 0 28 19 19 19 21 21 21 21 21 21 21 21 21 28 28
5 5 5 5 11 26 26 23 20 20 20 20 7 22 20 20 13 24 13 24 24 24 24 24 24 24 24 24
31 31 8 8 8 8 8 8 8 8 31
28 28 0 27 27 3 3 3 3 3 3 18 18 18 18 5
27 9 27 27 27 27 27 27 27 27 0 0 0
28 5 5 9 9 3 4 4 4 4 3 3 3 3 3 3 4 4 4 3 3 3 27 0 0 0
25 25 25 13 13 13 13 14 14 14 14 14 14 30 30 16 16 16
20 20 20 20 20 24 24 4 4 24 24 4 4 22 22 22 10 22 22 22 22 22 25
27 27 27 27 27 27 27 27 27 27 27 27 21 19
11 5 5 11 15 11 26 26 26 26 25 25 25 25 25 25 24 24 24 24 24 24 24 24 24 20 25
30 30 30 6 24 24 24 24 24 24 24 24 24 24 24 24 24 24 24 24 25
5 25 25 8 8 8 8 8 8 8 8 8 8 8 8 31 31
31 13 13 13 13 13 13 13 13 13 13
25 25 25 25 25 25 31 31 31 31 31 31 25 25 3
5 25 9 3 3 3
26 26 25 25 25 13 13 8 8 8 8 8 8 8 6
5 21 21 27 27 27 27 18 18 18 18 18 18 18 18 18
20 20 20 20 4 4 4 4 4 4 4 4 4 4 4 4 4 4 4 20 20
11 11 15 26 26 30 30 30 16 30 30 30 30 30 30 30 6 30
10 10 10 10 10 10 10 10 10 10 10 10 10 31 31
25 6 6 6 6 6 6 6 6 6 6 6 6 6 6 6 6 6 6 2 2 2 28
20 20 20 20 20 20 20 20 20 20 22 22 22 22 22 22 22
5 5 5 28 5 25 8 8 8 8 31 31 31 31 31 31 31 31 31 31 31 18 18 18 18 18
5 11 15 26 25 25 6 6 6 6 6 6 6 6 6 6 6 25 25 6 6 6 6 7
22 20 20 4 22 22 22 22 22 22 22 22 22 22 22 4 4 22 22 8 22
26 26 11 11 11 11 11 11 15 26 0 0 28 19 19 19 21 21 21 21 21 21 27 28 27 27 27 27 27 3 28 27 27
20 20 20 20 9 9 4 4 4 4 4 4 4 4 4 4 4 4 4 3
0 0 0 0 0 0 18 18 18 0 0 11 0 11 11 11 0 28 28 19 19 19 7 7 7 7 7 7 7 7 7 7 7 7 7 7 7 7 7 0
21 21 21 21 21 21 21 21 21 21 21 21 21 21
7 7 7 7 7 7 17 26 30 1 1 1 1 1 1 1 1 1 1 1 1 1 1 1 1 1 1
15 5 26 26 25 25 25 13 31 31 31 31 31 31 31 25 31 5
29 10 10 10 10 8 8 8
0 0 0 0 0 0 18 0 5 5 0 0 5 5 0 18 27 27 27 27 27 3 9 28 28 9 9 9 28 0 0 0
5 7 7 21 27 3 3 3 28 18 18 18 18 18 18 18 18 18 18 18 18 18 18 31
5 5 5 5 26 26 26 13 8 8 8 8 8 8 8 8 24 8 8 8 31 31 31
20 9 9 3 3 3 3 3 3 3 3 28 18 3 3 3
26 30 14 14 14 14 14 1 14 14 6 6 6 6 6 6 6
28 28 28 9 9 9 9 9 3 3 3 3 3 9 9 28 28 18 18 18 18
5 25 20 24 24 24 24 24 24 24 20 20
15 15 26 26 29 29 29 29
5 28 28 28 28 28 28 3 18 3 22 22 8 8 22 3 3 18
23 23 25 8 8 8 22 25 25 25 25 25 2 2 28
5 11 11 11 25 25 25 5 11 25 25 8 8 8 8 8 8 8 8 8 8 8 8 31
0 5 0 21 0 0 0 0 21 27 27 0 0 0 18 0 27 0 0 0
5 5 5 7 7 7 5 7 7 5 7 26 16 20 20 4 4 4 4 4 4 4 4 4 4 4 4 3 3
17 17 17 17 17 17 1 1 16 16 16 1 16 1 10 20 23 20 14 29 10
0 0 19 9 9 9 9 9 9 9 9 9 9 3 27 27 27 27 27 27 27 18
2 5 5 7 25 2 25 30 30 30 30 30 30 30 30 5
26 23 13 13 13 13 13 24 24 31 31
15 26 26 26 11 25 31 31 31 31 31 31 31 31 11 11 11 11 11
5 5 5 5 5 5 7 7 7 25 9 3 3 3 3 3 3 3 3 3 18 28 18
19 9 9 9 9 9 9 9 3 3 27 27 27 27 0 0
9 9 3 3 3 3 3 3 3 4 4 4 4 4 4 4 4 4 4 22 3 22 18
5 5 26 25 25 25 13 8 8 8 13 13 13 31 31 31 31 31 4 31 31 31 31 31 31 11
9 9 9 9 9 22 22 9 9 9 22 9 9 9 9 9 27 27 27 27 0 0 0
5 5 5 30 16 16 16 30 30 30 30 30 30 30 30 30 30 30 30 30 30 30
28 28 9 9 4 4 4 4 4 4 4 4 4 4 4 9 9 9 28 28
26 26 29 29 29 29 29 10 29 29 10 29 29 29
11 2 25 25 25 25 25 6 6 6 6 6 10 6 6 6 6 6
2 2 2 2 30 12 30 12 12 12 12 2 2 2 2 2
26 26 29 14 14 14 14 14 1 1 1 1 1 1 1 10 29 29 29 29 29 31
11 11 11 11 11 11 11 11 11 11 11 11 15 15 7 2 2 11 11 11 2 2 2 2 30 30 30 30 30 30 30 30 30 30 30 25 25 25 25
5 7 7 7 25 25 5 5 18 18 18 18 18 18 18 18 18 18 18 18 18 3 18 28 18 18 0 0 0 0
0 0 27 27 27 27 27 27 27 27 27 27 27 27 27 18 18
5 31 13 13 25 8 8 8 8 8 8 8 31 31 8 8 8 8 8 8 8 25 5
30 16 16 16 16 16 16 16 16 16 12
0 0 27 27 3 3 3 18 18 18 18 18 3 3
5 5 26 25 25 8 31 5 5 5 5 5 5 25 27
11 2 2 2 30 16 16 16 2 2 5
26 14 14 14 14 14 14 14 14 14 14 14 14 14
5 5 2 16 30 16 16 30 30 30 30 30 30 30 2 2 2 5
13 13 13 10 10 13 13 13 13 13 10 10 10 10 13 24 24
7 2 2 2 12 16 16 30 30 30 30 30 30 30 2 2
27 21 27 27 27 27 27 27 27 27 27 27 27 0 0 0
11 11 15 11 11 0 0 28 19 19 19 19 7 7 7 7 7 7 7 7 19 19 19 19 19 19 21 21 21 21 21 21 21 21 21
11 5 7 11 5 15 11 25 25 25 25 25 11 25 25 25 25 5
28 19 19 9 9 9 9 9 3
0 0 0 0 27 3 3 3 18 18 18 18 18 18 18 18 3 18 18 18
9 9 4 4 4 4 4 22 22 22 22 22 22 22 22 22 22 9 9 20
7 7 7 7 7 7 7 7 7 7 7 7 7 7 19 20 20 20 20 20 9 9 9 9 9 9 24 4 4 4 4 22 22 22 22 5 22
22 20 20 20 20 23 23 13 13 13 13 22 22 22 22 22 22 22 22 22
7 26 26 26 25 5 5 5 5 5 5 5 5
18 22 22 3 8 4 4 4 4 4 4
0 0 7 7 19 11 0 5 28 5 5 5 5 5 5 18 28 18 22 3 3 3 3 3 3 3 3 3 18 18 18 0
5 5 25 25 8 8 8 8 8 8 8 8 8 8 8
14 14 29 29 29 29 29 29 29 29 29 29 29 29 29 29 29 29 29 29 29 29 29 29 29 29 29
0 21 21 27 27 27 27 27 27
30 30 30 30 30 30 30 30 30 30 30 12 6 6
2 2 2 16 30 30 30 30 30 30 30 30
20 22 22 22 4 4 4 4 4 22 22 22 22 22 22 22 4 4 4 4 4 22 22 28 28 28 28 18 18
7 7 17 2 2 2 12 12 12 12 12 12 12 12 2 2
21 21 21 21 21 21 27 27 27 27 27 27 27 0 0 0 0 0
16 20 20 20 30 20 20 20 20 20 9 23 9 9 24 4 13 4 4 4 4 4 4 4 4 4 4 4 9 4 4 22
5 5 5 5 5 11 11 15 11 11 11 11 26 26 7 7 7 28 28
26 14 14 14 29 29 29 29 29 29 29 29
15 15 5 11 11 25 31 31 31 31 31 31 31 31 31 8 31
0 27 27 27 27 27 3 3 3 3 27 27 27 0
15 15 15 15 15 15 15 15 15 15 15 15 15 15 15 15 15 15 15 15 15 15 15 26 26 26 26 15 15 15 15 26 26 15 15 15 26 25 29 29 29 29 29 29 29 29 29
0 27 27 27 27 19 27 27 9 9 9 9 9 9 9 9 9 9 27 27 27 27 0 21
20 26 1 10 10 10 10 10 10 10 10 10 10 10 10 10 10 10 10 24 24 25
21 21 21 21 21 27 27 27 27 27 27 27 27 27 27 28 28 0 0
28 28 28 27 9 3 3 3 3 22 22 18 18 18 18 27 27
25 13 13 8 8 8 8 8 8 8 31
10 10 10 10 10 10 10 10 10 10 10 10 10 10 10 10 10 10 10 31
11 11 11 11 11 11 11 5 26 26 26 25 25 5 25 5 25 25 25
5 5 5 0 11 5 5 15 15 15 5 11 7 2 26 26 2 2 5 5 19 9 9 9 3 3 3 3 3 3 3 3 3 3 22 18 18 0 0 18 18
25 25 25 13 13 13 8 8 8 8 31 8 31 25
21 21 27 27 27 27 27 27 27 27 27 27 27 27 27 27 27 0
27 27 3 3 3 3 3 3 3 3 3 3 3 27 27
16 16 30 30 30 30 30 30 16 30 30
11 11 5 11 11 11 25 25 25 8 8 8 8 8 31 31 31
2 6 6 6 6 6 6 6 12 12 6 6 6 6 6 6 6
24 8 8 24 24 8 24 10 10 10 10 10 10 10 10 10 10 10 10 10 10 10 10 10 10 10 10 10 10 10 10 10 31 31 8 8 31
23 23 2 2 30 30 6 6 6 10 10 30 30 6 6 6
5 5 26 25 25 25 25 29 13 13 13 13 24 8 8 8 8 25 25
10 10 10 24 10 10 10 10 10 10 10 10 10 1 1 1 1 1 1 1
1 1 1 1 1 1 1 1 1 1 1 1 1 1 1 1
5 23 23 23 23 23 23 23 23 23 23 23 23 23 23 23 23 23 23 23 23 23 23 20 17 17 7 20 20 20
25 25 9 3 3 3 3 3 18 18 18 18 18 18
5 18 18 18 18 18 18 18 18 18 18 18 18 18 18
26 25 24 13 24 13 24 24 24 24 24 24 24 24 24 24 24 24 8 8
27 27 27 27 27 27 27 27 27 27 27 27 0 0
14 14 14 29 29 29 29 29 29 29 29 29 29 29 29
20 20 20 20 20 4 20 22 22 22 22 22 22 22 22 22 22 22 22
15 15 11 25 31 31 31 31 31 31 31 31 31 31 31 31
25 25 11 0 31 31 31 31 31 31 31 11 11 11 11 11
30 24 24 24 10 10 10 10 10 10 10 10 10 10 10 31 31 31 31 31 31 31 31 31 31 31 31
5 28 9 9 9 9 4 4 4 4 4 4 4 4 4
3 3 27 3 3 3 28 3 28
11 2 25 25 6 6 6 6 6 6 6 6 6 6 6 6 6 6 11
31 10 20 24 24 4 24 4 4 4 4 20 20 20 20 28 28 28
5 7 7 17 17 17 7 17 17 30 30 30 30 30 30 30 10 30 30 30 6 30 30 6
15 7 11 11 0 0 0 0 0 0 0 0 0 0 27 27 27 3 18 18 18 18 18 18 18 18 0 0 0
2 6 6 29 10 10 10 10 10 10
7 7 25 19 9 27 3 3 18 18 27 18 28 28 18 18 18 18 5
20 1 1 1 1 1 1 1 1 20 20 20
25 23 23 23 23 23 23 23 23 23 23 8 8
5 25 24 24 24 24 24 24 24 24 24 24 24 24 24 24 24 7 25 7 7 5
20 28 22 4 4 4 4 4 22 22 22 22 4 22 22 22 22 22 22
16 16 16 2 23 23 23 23 23 23 23 22 22 22 13 8 22 22 22 22 22 22 5
2 12 12 12 12 12 12 12 12 12 12 12 12 12 12 12 12 12 12 12 12 12 12 12 12 6 6 6 6 6 6 6 6 6 6 6 6 6 6 6 6 6 6 25 6 6 6
28 24 20 20 16 16 20 20 9 9 13 4 4 4 4 4 4 4 4 4 4 4 4 3
7 17 16 16 30 30 30 16 16 16 16 30 16 30 16 2 26 15
28 28 3 3 3 3 3 3 3 3 18 18 18
10 10 10 10 10 10 10 10 10 10 10 10 10 10 10 10 10 10 10 10 10
7 25 25 25 20 20 25 31 31 4 5 31 22 31 3 3
30 28 18 18 18 18 27 3 3 3 3 3 3 3 3 18 18
5 18 18 18 9 9 9 4 4 4 4 4 4 4 4 4 4 4 22 3 3 18 18 18
11 11 11 6 6 6 6 6 6 6 6 6 6 6 6 6 6 6 6 6
15 15 15 15 15 15 15 15 15 15 15 15 15 15 15 15 15 15 15 15 15 15 15 11 0 18 27 9 9 9 4 4 4 4 4 4 4 3 3 3
11 11 26 26 26 25 25 31 31 31 31 18 18 18 31 31 8 8 8 11 11
15 15 15 15 15 15 15 15 15 15 15 15 15 15 11 11 11 11 11 11 11 11 15 26 26 26 25 25 25 25 25 25 25 31 0 0 0 31 31 31 31 31 31 31 31 31 11 11
28 28 28 28 9 9 9 28 28 28 28 28 28
2 7 26 26 26 2 2 6 6 6 30 30 30 30 30 6 6 6 6 25 25 5 6 6 5 5 5 5 15
26 26 25 25 25 25 31 8 8 31 31 31 31 31 31 31 31 31 31 31 31 5 25 11
12 12 12 12 12 12 12 16 12 16 16 30 10 6
0 25 25 21 21 0 0 0 0 0
23 23 23 23 23 13 13 13 23 23 23 23 22 22 22 25
20 22 22 22 22 22 22 22 22 22 22 22 22 22 22 22 22 3 22 22
15 15 26 26 26 25 0 0 0 0 18 25 18 0 0
5 28 28 9 9 9 3 3 3 3 9 9 28 28 28
11 11 26 30 30 30 16 6 6 16 16
11 15 15 15 11 11 11 11 15 15 15 26 26 29 29 29 29 29 14 29 29 29 29 29
19 9 9 27 28 28 28 27 27 28 28 28 28 28
20 20 20 20 20 4 4 4 4 4 4 4 4 4 22
9 9 9 28 28 3 22 22 22 3 3 3 9 28 28 28 28 28
25 25 25 29 24 29 29
2 20 20 20 20 20 4 4 4 4 4 4 4 4 3 18 18
28 18 18 18 3 3 3 3 3 3 3 3 3 3 18 18 18 18 0
11 5 25 25 25 25 25 25 25 25 25 25 25 25 25 25 5
5 7 7 11 11 7 11 5 5 7 11 26 26 26 25 3 3 3 3 3 3 3 3 3 3
21 27 27 27 27 27 27 27 27 27 27 27 27 27 27 27 0
7 19 9 3 3 3 3 3 3 18 28 28 28 0 18 18 18 0 18 18 0 18
20 1 24 24 24 24 24 24 24 24 24 24 24 24 24 24 24 24 24 24 24 24
26 10 10 10 10 10 10 10 10 10 10 10 10 10 24
20 20 20 20 24 4 4 24 4 4 24 4 4 4 4 20 20 28 28 28 28 22 22
15 15 15 15 15 15 15 26 26 26 30 30 25 8 31 31 31 31 31 31 31
28 9 3 3 3 3 3 3 3 3 3 18
14 14 14 14 29 29 29 29 29 29 29 29
15 26 25 25 25 25 25 27 18 18 31 11
7 26 25 13 13 13 10 10 13 13 24 24 24 24 24 24 24 24 24 24 31 31 31 31 31
5 11 11 5 5 11 11 15 15 26 26 26 26 11 11 11 11 11 2 2 2 2 30 30 30 30 30 30 6 6 6
7 26 26 9 13 13 8 31 31 31 31 31 31 31 31 31 31 31 31 31 31 5 0 18 11
15 15 5 7 7 7 15 15 26 26 26 30 30 30 30 30 30 30 30 30 30 30 30
15 15 11 15 15 26 25 25 31 31 31 31 31 31 31
15 15 15 26 26 26 26 26 15 11 11 11 26 26 26 1 29 29 29 29 29 29 29 29 29 29 29 29
26 14 12 12 30 10 10 10 10 10 10 10 10
2 2 2 2 2 2 2 2 2 2 2 2 5
17 30 30 30 12 12 12 12 12 12 30 30 30 6
6 10 10 10 10 10 10 10 10 10 10 10 10 10 10 10 10 10 10 10 10 10 1 14 14 17 17 17 17 17 17 17 17 17 17 17 17 17 17 17 17 17 17
20 4 4 4 4 4 4 4 4 4 4 4 20 20 20 28 28 28 28 22
5 5 5 26 26 30 20 20 9 9 3 3 3 3 3 3 3 3 3 3
15 11 11 26 29 29 29 29 29 29 29
15 7 7 11 15 15 15 26 26 14 14 14 14 14 14 14 14 29 29 29
27 27 27 27 27 27 27 27 21 21 21 21 21 21 21 21
25 25 9 8 8 8 8 8 18 18 18 18 18 18 18 18
11 11 11 5 2 30 30 30 30 30 30 30 30 25 25
19 19 28 28 28 9 9 9 28 28 28 28 28 28 28 0
26 20 9 8 8 8 8 8 22 22 22 4 4 4 4 4 4 4 3 3
20 20 13 10 10 10 10 1 1 1 10 10
11 11 11 15 11 11 11 11 11 2 30 30 30 30 30 30 30 30 30 30 30 30 30 30 6
7 17 17 16 16 16 16 16 16 16 16 17
15 11 11 11 11 11 11 26 11 11 11 11 11 25 25 25 25 25 25 25 0 0 25
11 11 11 5 5 15 5 15 15 7 17 2 23 23 26 26 30 30 1 1 1 1 1 1 1 10 10 1 1 1 1 1 10 10 10 10 10 29 29 29
0 0 0 0 18 18 18 18 18 18 18 18 18 18 18 18 18 18
5 5 5 5 5 5 5 26 5 7 8 8 8 17 22 17 17 17 17
0 0 0 25 21 27 27 27 27 27 27 27 27 27 27 27 27 0 0 0 0
20 20 20 20 20 20 20 20 20 20 20 22 22 22 22 22 22 22 22 22 22 22 22 18 18
29 29 29 14 14 14 14 14 14 29 29 29 29 29 29 29 29 29 29 29 29 29 29 29 29
7 2 23 6 6 6 6 6 6 6 6
22 22 22 8 22 24 22 22 22 22 22 22 22 8 24
8 31 31 8 8 8 18 18 18 18 18 8 8 31 8 8 8 18 18 5
0 0 5 0 0 0 0 18 18 18 18 18 11 18 18 18 11 18 18 0 18 18
21 27 18 18 18 18 18 18 18 18 18 18 18 18 18 18 18 18 18 18 18 18 18 18 5 18 18 18
19 13 8 8 8 8 8 3 3 3 3 4 4 4 4 4 4 4 4 4 3 22 22 22 22
10 10 10 10 13 10 10 10 10 10 10
0 0 27 27 27 27 27 27 27 27 27 27 27 27 27 27 27 27 27 27 0
10 10 10 10 10 1 1 12
20 20 20 4 22 22 22 22 22 22 22 22 22 22
5 26 6 25 25 31 31 31 31 18 5 5
20 20 20 17 23 17 20 20 7 9 9 20 22 22 22 22 22 22 4 4 4 22
0 0 0 0 0 18 18 18 18 18 18 18 0
26 14 14 14 14 14 1 12 16 14
5 19 9 9 9 9 9 9 9 9 3 3 3 3 27 0 0 0
20 20 4 4 20 20 22 22 22 22 22 22 22 22 22 22 22 22 22 22 22 22 22 22 22
13 9 4 13 13 13 9 9 22 22 22 22 22 22 22 22 3 22 22 9 28 28 28 28 28 28 28
11 11 25 23 25 25 25 25 25 8 8 8 8 8 8 8 8 31 31 25 0
7 15 26 26 26 25 25 31 31 31 31 5 5 5 11
15 11 11 11 11 11 11 11 11 11 11 11 11 26 26 26 26 26 29 29 8 24 24 24 24 24 24 24 24 24 24 24 8 24 24 13 8 8 28 8 25 5
1 1 1 1 1 1 1 1 1 1 1 1 1 1 1 1 1 1 1
15 15 15 15 15 15 15 26 26 26 7 7 7 7 7 7 7 7 7 7 7 7 7 7 7 7 7 7 7 7 7 15 15
15 15 15 15 15 5 15 15 15 15 15 15 15 15 5 28 28 9 4 4 4 4 4 4 4 4 4 4 4 4 4 3
9 9 9 3 3 3 3 27 3 3 18 0 18
5 5 0 18 18 18 18 18 18 18 18 18 18 18 18 18 18 18 18
0 5 26 21 3 3 18 18 18 18 18 18 18 18 18
30 10 10 10 10 10 10 1 1 1 1
17 17 30 30 30 30 30 30 30 30 30 30 30 30 2
27 27 27 3 3 8 8 8 8 8 8 8 8 8
27 9 9 9 9 9 9 9 9 9 9 9 9 9 4 3 27 27 27 27 18
26 14 14 14 14 14 1 14 14 29 29 29 14 29 29 29
18 5 27 27 18 18 3 3 3 3 3 3 3 3 3 3 3 3 3 3 18 18 18
20 20 20 31 31 31 31 31 31 31 31 31 31 31 31
11 11 11 11 15 11 11 11 11 11 11 11 15 15 15 15 15 15 26 26 26 15 15 15 15 15 11 2 16 16 16 16 16
25 25 25 25 25 9 24 31 31 31 31 31 31 5 5
10 10 10 10 10 10 10 10 10 10 10 24 24 24 24 24 24 24 25 25
9 9 9 9 9 9 3 3 4 4 4 4 3 3 9 9 28
25 25 25 25 25 13 31 31 31 31 31 31 31 31 31 31
11 11 26 12 16 16 12 12 12 12 16 16 16 16 16 16 16
9 9 9 9 9 9 9 9 9 9 9 9 27 28 0 0 0 0
5 0 5 5 11 0 0 27 18 18 18 18 18 18 18
28 19 9 9 9 9 8 8 22 3 3 8 8 8 8 9 9 28 28 18 0 18
15 25 25 13 8 8 31 31 31 31 31
26 30 30 14 10 10 10 10 10 8 8
5 5 5 26 26 30 30 24 24 24 24 24 24 24 24 24 24 24 24 5
27 9 9 9 9 9 9 9 9 9 9 9 27 27
13 13 8 8 8 8 3 8 13 13
28 28 28 28 28 0
2 2 2 20 20 20 24 24 24 24 24 24 24 24 24 24 24 24 31
5 7 2 26 26 30 30 30 30 16 30 30 25 13 13 13 13 13 13 13 13 13 31 31
26 11 25 19 19 19 19 19 9 19 9 9 9 9 9 9 9 9 9
12 12 12 12 12 12 12 12 12 12 12 12 12 12 12 2 2
